219 78 swiss
32	1022	1	0	0	0	0	19 78 SPACE
33	1	632	23	68	1	14	24 78 EXCLAMATION MARK
34	83	651	36	37	1	14	37 78 QUOTATION MARK
35	682	297	49	66	-5	16	38 78 NUMBER SIGN
36	479	154	48	81	-4	9	38 78 DOLLAR SIGN
37	366	1	69	71	-3	13	61 78 PERCENT SIGN
38	805	143	57	69	-4	14	47 78 AMPERSAND
39	388	274	22	37	0	14	21 78 APOSTROPHE
40	612	514	32	82	-1	14	24 78 LEFT PARENTHESIS
41	238	519	32	82	-6	14	24 78 RIGHT PARENTHESIS
42	1	245	41	41	-4	14	31 78 ASTERISK
43	707	521	51	51	-1	31	47 78 PLUS SIGN
44	160	169	23	37	-1	58	19 78 COMMA
45	105	137	34	21	-2	43	29 78 HYPHEN-MINUS
46	226	216	23	24	-1	58	19 78 FULL STOP
47	658	82	38	70	-5	13	26 78 SOLIDUS
48	842	312	47	68	-4	15	38 78 DIGIT ZERO
49	437	313	34	67	-2	15	38 78 DIGIT ONE
50	877	393	46	67	-4	15	38 78 DIGIT TWO
51	437	382	46	68	-3	15	38 78 DIGIT THREE
52	940	379	47	67	-4	15	38 78 DIGIT FOUR
53	144	399	46	67	-4	16	38 78 DIGIT FIVE
54	388	313	47	68	-4	15	38 78 DIGIT SIX
55	418	452	46	66	-3	16	38 78 DIGIT SEVEN
56	216	314	47	68	-4	15	38 78 DIGIT EIGHT
57	891	323	47	68	-4	15	38 78 DIGIT NINE
58	240	384	23	53	-1	29	19 78 COLON
59	464	635	23	66	-1	29	19 78 SEMICOLON
61	636	629	51	39	-1	37	47 78 EQUALS SIGN
63	60	455	44	68	-2	14	38 78 QUESTION MARK
64	222	1	70	70	-3	13	63 78 COMMERCIAL AT
65	658	155	56	68	-5	14	44 78 LATIN CAPITAL LETTER A
66	792	286	48	68	-1	14	44 78 LATIN CAPITAL LETTER B
67	479	237	48	70	-2	13	42 78 LATIN CAPITAL LETTER C
68	423	243	49	68	-1	14	45 78 LATIN CAPITAL LETTER D
69	360	456	44	68	-1	14	38 78 LATIN CAPITAL LETTER E
70	1	491	43	68	-1	14	37 78 LATIN CAPITAL LETTER F
71	529	224	49	70	-2	13	44 78 LATIN CAPITAL LETTER G
72	145	329	47	68	-1	14	44 78 LATIN CAPITAL LETTER H
73	196	84	24	68	-1	14	21 78 LATIN CAPITAL LETTER I
74	925	448	44	69	-4	14	37 78 LATIN CAPITAL LETTER J
75	47	221	51	68	-1	14	42 78 LATIN CAPITAL LETTER K
76	768	498	43	68	-1	14	37 78 LATIN CAPITAL LETTER L
77	820	73	62	68	-1	14	58 78 LATIN CAPITAL LETTER M
78	907	253	49	68	-1	14	45 78 LATIN CAPITAL LETTER N
79	805	214	50	70	-2	13	44 78 LATIN CAPITAL LETTER O
80	323	345	47	68	-1	14	41 78 LATIN CAPITAL LETTER P
81	1	82	52	77	-2	13	44 78 LATIN CAPITAL LETTER Q
82	580	236	50	68	-1	14	44 78 LATIN CAPITAL LETTER R
83	643	225	49	70	-3	13	41 78 LATIN CAPITAL LETTER S
84	1	291	48	68	-4	14	38 78 LATIN CAPITAL LETTER T
85	338	274	48	69	-2	14	42 78 LATIN CAPITAL LETTER U
86	965	170	52	68	-5	14	41 78 LATIN CAPITAL LETTER V
87	494	1	70	68	-4	14	60 78 LATIN CAPITAL LETTER W
88	588	166	53	68	-5	14	42 78 LATIN CAPITAL LETTER X
89	105	169	53	68	-5	14	41 78 LATIN CAPITAL LETTER Y
90	829	382	46	68	-3	14	38 78 LATIN CAPITAL LETTER Z
91	862	532	30	82	1	14	25 78 LEFT SQUARE BRACKET
93	559	534	30	82	-5	14	25 78 RIGHT SQUARE BRACKET
94	837	616	50	42	-1	16	47 78 CIRCUMFLEX ACCENT
95	806	663	51	16	-5	76	39 78 LOW LINE
97	342	526	45	56	-3	27	38 78 LATIN SMALL LETTER A
98	971	448	44	69	-1	14	39 78 LATIN SMALL LETTER B
99	132	552	44	56	-3	27	37 78 LATIN SMALL LETTER C
100	722	450	44	69	-2	14	39 78 LATIN SMALL LETTER D
101	760	568	44	56	-3	27	37 78 LATIN SMALL LETTER E
102	1	561	35	69	-5	13	24 78 LATIN SMALL LETTER F
103	530	451	44	69	-2	27	39 78 LATIN SMALL LETTER G
104	662	501	43	68	-1	14	39 78 LATIN SMALL LETTER H
105	439	635	23	68	-1	14	19 78 LATIN SMALL LETTER I
106	806	580	29	81	-7	14	19 78 LATIN SMALL LETTER J
107	780	356	47	68	-1	14	39 78 LATIN SMALL LETTER K
108	889	631	24	68	-2	14	19 78 LATIN SMALL LETTER L
109	160	216	64	55	-1	27	60 78 LATIN SMALL LETTER M
110	320	584	43	55	-1	27	39 78 LATIN SMALL LETTER N
111	186	527	45	56	-3	27	38 78 LATIN SMALL LETTER O
112	192	457	44	68	-1	27	39 78 LATIN SMALL LETTER P
113	869	462	44	68	-2	27	39 78 LATIN SMALL LETTER Q
114	989	379	34	55	-1	27	26 78 LATIN SMALL LETTER R
115	941	576	43	56	-3	27	35 78 LATIN SMALL LETTER S
116	716	155	35	66	-5	16	24 78 LATIN SMALL LETTER T
117	178	585	43	55	-1	28	39 78 LATIN SMALL LETTER U
118	84	539	46	54	-5	28	35 78 LATIN SMALL LETTER V
119	356	218	65	54	-4	28	55 78 LATIN SMALL LETTER W
120	510	522	47	54	-5	28	37 78 LATIN SMALL LETTER X
121	312	415	46	67	-5	28	35 78 LATIN SMALL LETTER Y
122	129	610	41	54	-3	28	34 78 LATIN SMALL LETTER Z
123	151	468	33	82	-3	14	25 78 LEFT CURLY BRACKET
124	915	631	23	70	-2	13	18 78 VERTICAL LINE
125	406	520	32	82	-3	14	25 78 RIGHT CURLY BRACKET
126	258	652	48	27	0	43	47 78 TILDE
169	294	1	70	70	-3	13	63 78 COPYRIGHT SIGN
171	689	632	37	44	-1	32	34 78 LEFT-POINTING DOUBLE ANGLE QUOTATION MARK
187	940	634	37	44	-1	31	34 78 RIGHT-POINTING DOUBLE ANGLE QUOTATION MARK
192	907	1	55	82	-5	0	44 78 LATIN CAPITAL LETTER A WITH GRAVE
193	964	1	55	82	-5	0	44 78 LATIN CAPITAL LETTER A WITH ACUTE
194	698	71	55	82	-5	0	44 78 LATIN CAPITAL LETTER A WITH CIRCUMFLEX
196	494	71	55	81	-5	1	44 78 LATIN CAPITAL LETTER A WITH DIAERESIS
197	437	1	55	87	-5	-5	44 78 LATIN CAPITAL LETTER A WITH RING ABOVE
199	378	74	48	86	-2	13	42 78 LATIN CAPITAL LETTER C WITH CEDILLA
200	264	158	44	82	-1	0	38 78 LATIN CAPITAL LETTER E WITH GRAVE
201	310	159	44	82	-1	0	38 78 LATIN CAPITAL LETTER E WITH ACUTE
202	1	161	44	82	-1	0	38 78 LATIN CAPITAL LETTER E WITH CIRCUMFLEX
203	919	170	44	81	-1	1	38 78 LATIN CAPITAL LETTER E WITH DIAERESIS
204	365	584	28	82	-5	0	21 78 LATIN CAPITAL LETTER I WITH GRAVE
205	986	576	29	82	-1	0	21 78 LATIN CAPITAL LETTER I WITH ACUTE
206	984	85	36	82	-7	0	21 78 LATIN CAPITAL LETTER I WITH CIRCUMFLEX
207	576	451	34	81	-6	1	21 78 LATIN CAPITAL LETTER I WITH DIAERESIS
209	428	90	49	81	-1	1	45 78 LATIN CAPITAL LETTER N WITH TILDE
210	222	73	50	83	-2	0	44 78 LATIN CAPITAL LETTER O WITH GRAVE
211	274	73	50	83	-2	0	44 78 LATIN CAPITAL LETTER O WITH ACUTE
212	326	74	50	83	-2	0	44 78 LATIN CAPITAL LETTER O WITH CIRCUMFLEX
214	606	82	50	82	-2	1	44 78 LATIN CAPITAL LETTER O WITH DIAERESIS
217	146	84	48	83	-2	0	42 78 LATIN CAPITAL LETTER U WITH GRAVE
218	884	85	48	83	-2	0	42 78 LATIN CAPITAL LETTER U WITH ACUTE
219	934	85	48	83	-2	0	42 78 LATIN CAPITAL LETTER U WITH CIRCUMFLEX
220	55	137	48	82	-2	1	42 78 LATIN CAPITAL LETTER U WITH DIAERESIS
223	50	364	46	69	-2	13	39 78 LATIN SMALL LETTER SHARP S
224	51	291	45	71	-3	12	38 78 LATIN SMALL LETTER A WITH GRAVE
225	276	301	45	71	-3	12	38 78 LATIN SMALL LETTER A WITH ACUTE
226	733	305	45	71	-3	12	38 78 LATIN SMALL LETTER A WITH CIRCUMFLEX
228	265	374	45	70	-3	13	38 78 LATIN SMALL LETTER A WITH DIAERESIS
229	745	227	45	76	-3	7	38 78 LATIN SMALL LETTER A WITH RING ABOVE
231	626	367	44	72	-3	27	37 78 LATIN SMALL LETTER C WITH CEDILLA
232	98	382	44	71	-3	12	37 78 LATIN SMALL LETTER E WITH GRAVE
233	372	383	44	71	-3	12	37 78 LATIN SMALL LETTER E WITH ACUTE
234	194	384	44	71	-3	12	37 78 LATIN SMALL LETTER E WITH CIRCUMFLEX
235	778	426	44	70	-3	13	37 78 LATIN SMALL LETTER E WITH DIAERESIS
236	777	626	27	70	-5	12	19 78 LATIN SMALL LETTER I WITH GRAVE
237	555	618	28	70	-1	12	19 78 LATIN SMALL LETTER I WITH ACUTE
238	46	525	36	70	-8	12	19 78 LATIN SMALL LETTER I WITH CIRCUMFLEX
239	223	603	33	69	-6	13	19 78 LATIN SMALL LETTER I WITH DIAERESIS
241	106	468	43	69	-1	13	39 78 LATIN SMALL LETTER N WITH TILDE
242	579	306	45	71	-3	12	38 78 LATIN SMALL LETTER O WITH GRAVE
243	958	306	45	71	-3	12	38 78 LATIN SMALL LETTER O WITH ACUTE
244	98	309	45	71	-3	12	38 78 LATIN SMALL LETTER O WITH CIRCUMFLEX
246	731	378	45	70	-3	13	38 78 LATIN SMALL LETTER O WITH DIAERESIS
249	485	436	43	71	-1	12	39 78 LATIN SMALL LETTER U WITH GRAVE
250	617	441	43	71	-1	12	39 78 LATIN SMALL LETTER U WITH ACUTE
251	240	446	43	71	-1	12	39 78 LATIN SMALL LETTER U WITH CIRCUMFLEX
252	824	452	43	70	-1	13	39 78 LATIN SMALL LETTER U WITH DIAERESIS
338	566	1	68	70	-2	13	61 78 LATIN CAPITAL LIGATURE OE
339	196	158	66	56	-3	27	58 78 LATIN SMALL LIGATURE OE
1025	919	170	44	81	-1	1	38 78 CYRILLIC CAPITAL LETTER IO
1028	857	240	48	70	-2	13	42 78 CYRILLIC CAPITAL LETTER UKRAINIAN IE
1030	196	84	24	68	-1	14	21 78 CYRILLIC CAPITAL LETTER BYELORUSSIAN-UKRAINIAN I
1040	658	155	56	68	-5	14	44 78 CYRILLIC CAPITAL LETTER A
1041	529	296	48	68	-1	14	43 78 CYRILLIC CAPITAL LETTER BE
1042	792	286	48	68	-1	14	44 78 CYRILLIC CAPITAL LETTER VE
1043	466	509	42	68	-1	14	35 78 CYRILLIC CAPITAL LETTER GHE
1044	636	1	60	79	-5	14	49 78 CYRILLIC CAPITAL LETTER DE
1045	360	456	44	68	-1	14	38 78 CYRILLIC CAPITAL LETTER IE
1046	77	1	77	68	-6	14	62 78 CYRILLIC CAPITAL LETTER ZHE
1047	694	225	49	70	-3	13	42 78 CYRILLIC CAPITAL LETTER ZE
1048	632	297	48	68	-1	14	45 78 CYRILLIC CAPITAL LETTER I
1049	755	143	48	82	-1	0	45 78 CYRILLIC CAPITAL LETTER SHORT I
1050	47	221	51	68	-1	14	42 78 CYRILLIC CAPITAL LETTER KA
1051	864	170	53	68	-5	14	46 78 CYRILLIC CAPITAL LETTER EL
1052	820	73	62	68	-1	14	58 78 CYRILLIC CAPITAL LETTER EM
1053	145	329	47	68	-1	14	44 78 CYRILLIC CAPITAL LETTER EN
1054	805	214	50	70	-2	13	44 78 CYRILLIC CAPITAL LETTER O
1055	1	361	47	68	-1	14	44 78 CYRILLIC CAPITAL LETTER PE
1056	323	345	47	68	-1	14	41 78 CYRILLIC CAPITAL LETTER ER
1057	479	237	48	70	-2	13	42 78 CYRILLIC CAPITAL LETTER ES
1058	1	291	48	68	-4	14	38 78 CYRILLIC CAPITAL LETTER TE
1059	425	173	52	68	-5	14	41 78 CYRILLIC CAPITAL LETTER U
1060	769	1	67	70	-3	13	60 78 CYRILLIC CAPITAL LETTER EF
1061	588	166	53	68	-5	14	42 78 CYRILLIC CAPITAL LETTER HA
1062	551	73	53	79	-1	14	46 78 CYRILLIC CAPITAL LETTER TSE
1063	682	365	47	68	-3	14	42 78 CYRILLIC CAPITAL LETTER CHE
1064	698	1	69	68	-1	14	65 78 CYRILLIC CAPITAL LETTER SHA
1065	1	1	74	79	-1	14	68 78 CYRILLIC CAPITAL LETTER SHCHA
1066	529	154	57	68	-4	14	49 78 CYRILLIC CAPITAL LETTER HARD SIGN
1067	755	73	63	68	-1	14	59 78 CYRILLIC CAPITAL LETTER YERU
1068	521	366	47	68	-1	14	41 78 CYRILLIC CAPITAL LETTER SOFT SIGN
1069	226	242	48	70	-2	13	42 78 CYRILLIC CAPITAL LETTER E
1070	838	1	67	70	-1	13	63 78 CYRILLIC CAPITAL LETTER YU
1071	100	239	50	68	-5	14	43 78 CYRILLIC CAPITAL LETTER YA
1072	342	526	45	56	-3	27	38 78 CYRILLIC SMALL LETTER A
1073	474	309	45	71	-2	12	38 78 CYRILLIC SMALL LETTER BE
1074	84	595	43	54	-1	28	38 78 CYRILLIC SMALL LETTER VE
1075	738	626	37	54	-1	28	30 78 CYRILLIC SMALL LETTER GHE
1076	965	240	53	64	-5	28	42 78 CYRILLIC SMALL LETTER DE
1077	760	568	44	56	-3	27	37 78 CYRILLIC SMALL LETTER IE
1078	356	162	67	54	-5	28	55 78 CYRILLIC SMALL LETTER ZHE
1079	510	578	43	56	-3	27	36 78 CYRILLIC SMALL LETTER ZE
1080	894	575	45	54	-1	28	41 78 CYRILLIC SMALL LETTER I
1081	570	379	45	70	-1	12	41 78 CYRILLIC SMALL LETTER SHORT I
1082	813	524	47	54	-1	28	39 78 CYRILLIC SMALL LETTER KA
1083	968	519	49	55	-5	28	41 78 CYRILLIC SMALL LETTER EL
1084	285	484	55	54	-1	28	52 78 CYRILLIC SMALL LETTER EM
1085	272	596	43	54	-1	28	39 78 CYRILLIC SMALL LETTER EN
1086	186	527	45	56	-3	27	38 78 CYRILLIC SMALL LETTER O
1087	38	597	43	54	-1	28	39 78 CYRILLIC SMALL LETTER PE
1088	192	457	44	68	-1	27	39 78 CYRILLIC SMALL LETTER ER
1089	132	552	44	56	-3	27	37 78 CYRILLIC SMALL LETTER ES
1090	440	579	44	54	-5	28	33 78 CYRILLIC SMALL LETTER TE
1091	312	415	46	67	-5	28	35 78 CYRILLIC SMALL LETTER U
1092	156	1	64	81	-2	14	58 78 CYRILLIC SMALL LETTER EF
1093	510	522	47	54	-4	28	37 78 CYRILLIC SMALL LETTER HA
1094	672	435	48	64	-1	28	41 78 CYRILLIC SMALL LETTER TSE
1095	591	598	43	54	-2	28	38 78 CYRILLIC SMALL LETTER CHE
1096	152	273	62	54	-1	28	58 78 CYRILLIC SMALL LETTER SHA
1097	77	71	67	64	-1	28	60 78 CYRILLIC SMALL LETTER SHCHA
1098	915	519	51	54	-5	28	42 78 CYRILLIC SMALL LETTER HARD SIGN
1099	1	435	57	54	-1	28	53 78 CYRILLIC SMALL LETTER YERU
1100	395	604	42	54	-1	28	37 78 CYRILLIC SMALL LETTER SOFT SIGN
1101	646	571	44	56	-3	27	37 78 CYRILLIC SMALL LETTER E
1102	276	243	60	56	-1	27	55 78 CYRILLIC SMALL LETTER YU
1103	272	540	46	54	-5	28	38 78 CYRILLIC SMALL LETTER YA
1105	778	426	44	70	-3	13	37 78 CYRILLIC SMALL LETTER IO
1108	692	574	44	56	-3	27	37 78 CYRILLIC SMALL LETTER UKRAINIAN IE
1110	439	635	23	68	-1	14	19 78 CYRILLIC SMALL LETTER BYELORUSSIAN-UKRAINIAN I
8211	26	653	51	21	-5	43	39 78 EN DASH
8216	485	382	22	37	0	14	21 78 LEFT SINGLE QUOTATION MARK
8217	440	520	22	37	0	14	21 78 RIGHT SINGLE QUOTATION MARK
8220	489	636	38	37	0	14	37 78 LEFT DOUBLE QUOTATION MARK
8221	317	641	38	37	0	14	37 78 RIGHT DOUBLE QUOTATION MARK
8222	172	642	38	37	0	58	37 78 DOUBLE LOW-9 QUOTATION MARK
420
32 65 -3.0
32 84 -3.0
32 86 -3.0
32 87 -3.0
32 89 -3.0
32 210 -3.0
32 212 -3.0
32 8216 -3.0
32 8220 -3.0
44 32 -3.0
44 211 -3.0
44 8217 -3.0
44 8221 -3.0
45 1058 -4.0
45 1090 -2.0
46 32 -3.0
47 1051 -2.0
47 1060 -2.0
47 1076 -5.0
47 1079 -2.0
47 1083 -5.0
47 1089 -3.0
47 1092 -2.0
47 1103 -2.0
58 32 -3.0
65 81 1.0
65 84 -4.0
65 86 -2.0
65 87 -2.0
65 89 -4.0
65 112 1.0
65 211 -4.0
65 8217 -4.0
65 8221 -4.0
68 89 -2.0
70 44 -9.0
70 46 -9.0
70 65 -4.0
70 97 -2.0
70 101 -2.0
70 105 -1.0
70 111 -2.0
70 114 -2.0
75 111 -2.0
75 117 -2.0
75 121 -1.0
76 84 -7.0
76 86 -6.0
76 87 -6.0
76 89 -7.0
76 121 -3.0
76 211 -7.0
76 8217 -7.0
76 8221 -7.0
79 88 -2.0
79 89 -2.0
80 44 -10.0
80 46 -10.0
80 65 -3.0
80 97 -1.0
80 101 -1.0
80 111 -1.0
82 84 -1.0
82 85 2.0
82 87 2.0
82 89 -1.0
84 44 -7.0
84 45 -4.0
84 46 -7.0
84 58 -6.0
84 59 -6.0
84 65 -4.0
84 97 -6.0
84 101 -6.0
84 105 -1.0
84 111 -6.0
84 114 -6.0
84 117 -6.0
84 119 -6.0
84 121 -4.0
86 44 -7.0
86 45 -1.0
86 46 -7.0
86 58 -1.0
86 59 -1.0
86 65 -3.0
86 97 -1.0
86 101 -1.0
86 111 -1.0
86 117 -1.0
87 44 -6.0
87 45 -1.0
87 46 -6.0
87 65 -1.0
87 97 -1.0
87 101 -1.0
87 111 -1.0
89 44 -9.0
89 45 -6.0
89 46 -9.0
89 58 -3.0
89 59 -3.0
89 65 -4.0
89 97 -6.0
89 101 -6.0
89 105 -2.0
89 111 -6.0
89 117 -5.0
99 108 -2.0
99 121 -2.0
100 121 1.0
102 211 1.0
102 8217 1.0
102 8221 1.0
103 121 1.0
108 119 1.0
110 121 1.0
111 119 1.0
111 121 1.0
114 44 -6.0
114 45 -3.0
114 46 -6.0
114 118 1.0
114 121 1.0
115 119 1.0
118 44 -4.0
118 46 -4.0
119 44 -3.0
119 46 -3.0
121 44 -4.0
121 46 -4.0
121 97 1.0
171 1058 -4.0
211 32 -3.0
212 212 -6.0
1040 1058 -4.0
1040 1059 -2.0
1040 1060 -2.0
1040 1063 -3.0
1040 1090 -2.0
1040 8217 -4.0
1040 8221 -4.0
1041 1044 -2.0
1041 1046 -1.0
1041 1058 -2.0
1041 1059 -2.0
1041 1061 -2.0
1041 1063 -2.0
1041 1066 -2.0
1042 1040 -1.0
1042 1046 -1.0
1042 1051 -2.0
1042 1058 -2.0
1042 1059 -2.0
1042 1061 -2.0
1042 1066 -2.0
1043 44 -9.0
1043 45 -6.0
1043 46 -9.0
1043 47 -6.0
1043 58 -7.0
1043 59 -7.0
1043 187 -6.0
1043 1028 -1.0
1043 1040 -5.0
1043 1044 -3.0
1043 1051 -3.0
1043 1054 -1.0
1043 1057 -1.0
1043 1072 -8.0
1043 1074 -8.0
1043 1076 -9.0
1043 1077 -8.0
1043 1078 -8.0
1043 1079 -8.0
1043 1080 -8.0
1043 1083 -9.0
1043 1084 -8.0
1043 1085 -8.0
1043 1086 -8.0
1043 1088 -8.0
1043 1089 -8.0
1043 1091 -8.0
1043 1093 -8.0
1043 1094 -8.0
1043 1099 -8.0
1043 1100 -8.0
1043 1102 -8.0
1043 1103 -8.0
1043 1108 -8.0
1043 8222 -9.0
1044 1044 2.0
1046 1028 -2.0
1046 1054 -2.0
1046 1057 -2.0
1047 1040 -1.0
1047 1059 -2.0
1050 1028 -2.0
1050 1054 -2.0
1050 1057 -2.0
1050 1060 -2.0
1054 1040 -1.0
1054 1044 -1.0
1054 1046 -2.0
1054 1051 -2.0
1054 1058 -1.0
1054 1059 -2.0
1054 1061 -2.0
1056 44 -9.0
1056 46 -9.0
1056 47 -4.0
1056 1040 -3.0
1056 1044 -3.0
1056 1046 -2.0
1056 1051 -3.0
1056 1061 -2.0
1056 1076 -2.0
1056 8222 -9.0
1057 1058 -1.0
1058 44 -7.0
1058 45 -4.0
1058 46 -7.0
1058 47 -5.0
1058 58 -6.0
1058 59 -6.0
1058 187 -4.0
1058 1028 -1.0
1058 1040 -4.0
1058 1044 -2.0
1058 1054 -1.0
1058 1057 -1.0
1058 1060 -2.0
1058 1069 -1.0
1058 1072 -5.0
1058 1074 -5.0
1058 1077 -5.0
1058 1080 -5.0
1058 1082 -5.0
1058 1083 -5.0
1058 1084 -5.0
1058 1086 -5.0
1058 1088 -5.0
1058 1089 -5.0
1058 1091 -5.0
1058 1093 -5.0
1058 1096 -5.0
1058 1097 -5.0
1058 1098 -5.0
1058 1099 -5.0
1058 1100 -5.0
1058 1101 -5.0
1058 1102 -5.0
1058 1103 -5.0
1058 1108 -5.0
1058 8222 -7.0
1059 44 -9.0
1059 46 -9.0
1059 47 -6.0
1059 1028 -2.0
1059 1040 -5.0
1059 1044 -3.0
1059 1047 -2.0
1059 1051 -3.0
1059 1054 -2.0
1059 1057 -2.0
1059 1060 -2.0
1059 1072 -2.0
1059 1073 -2.0
1059 1074 -2.0
1059 1075 -2.0
1059 1076 -3.0
1059 1077 -2.0
1059 1078 -2.0
1059 1079 -2.0
1059 1080 -2.0
1059 1081 -2.0
1059 1082 -2.0
1059 1083 -3.0
1059 1084 -2.0
1059 1085 -2.0
1059 1086 -2.0
1059 1087 -2.0
1059 1088 -2.0
1059 1089 -2.0
1059 1090 -2.0
1059 1092 -2.0
1059 1093 -2.0
1059 1094 -2.0
1059 1095 -2.0
1059 1096 -2.0
1059 1097 -2.0
1059 1101 -2.0
1059 1102 -2.0
1059 1103 -2.0
1059 1105 -2.0
1059 1108 -2.0
1059 8222 -9.0
1060 1040 -2.0
1060 1051 -2.0
1060 1058 -2.0
1060 1059 -2.0
1061 1028 -2.0
1061 1054 -2.0
1061 1057 -2.0
1066 1058 -4.0
1066 1059 -2.0
1066 1061 -2.0
1066 1063 -2.0
1066 1071 -1.0
1066 8217 -5.0
1066 8221 -5.0
1068 1058 -4.0
1068 1059 -2.0
1068 1061 -2.0
1068 1063 -2.0
1068 1071 -1.0
1068 8217 -5.0
1068 8221 -5.0
1069 1040 -1.0
1069 1044 -1.0
1069 1046 -2.0
1069 1051 -2.0
1069 1058 -1.0
1069 1059 -2.0
1069 1061 -2.0
1070 1040 -1.0
1070 1044 -1.0
1070 1046 -2.0
1070 1051 -2.0
1070 1058 -1.0
1070 1059 -2.0
1070 1061 -2.0
1073 1078 -1.0
1073 1091 -1.0
1073 1093 -2.0
1074 1078 -1.0
1074 1091 -1.0
1074 1093 -2.0
1075 44 -5.0
1075 45 -5.0
1075 46 -5.0
1075 47 -3.0
1075 1076 -2.0
1075 1083 -2.0
1075 8222 -5.0
1076 1076 2.0
1077 1093 -1.0
1078 1077 -1.0
1078 1086 -1.0
1078 1089 -1.0
1078 1105 -1.0
1078 1108 -1.0
1082 1072 -1.0
1082 1077 -2.0
1082 1086 -2.0
1082 1089 -2.0
1082 1092 -2.0
1082 1105 -2.0
1082 1108 -2.0
1086 1078 -1.0
1086 1083 -1.0
1086 1093 -1.0
1088 1076 -1.0
1088 1078 -1.0
1088 1083 -1.0
1088 1093 -1.0
1088 1098 -2.0
1090 44 -3.0
1090 45 -2.0
1090 46 -3.0
1090 8222 -3.0
1091 44 -4.0
1091 46 -4.0
1091 1076 -1.0
1091 1083 -2.0
1091 8222 -4.0
1092 1083 -1.0
1092 1093 -2.0
1093 1072 -1.0
1093 1077 -1.0
1093 1086 -1.0
1093 1089 -1.0
1093 1105 -1.0
1093 1108 -1.0
1098 1078 -2.0
1098 1090 -3.0
1098 1091 -2.0
1098 1093 -2.0
1098 1095 -2.0
1098 8217 -5.0
1098 8221 -5.0
1100 1078 -2.0
1100 1090 -3.0
1100 1091 -2.0
1100 1093 -2.0
1100 1095 -2.0
1100 8217 -5.0
1100 8221 -5.0
1101 1078 -1.0
1101 1083 -1.0
1101 1093 -1.0
1102 1076 -1.0
1102 1078 -1.0
1102 1083 -1.0
1102 1093 -1.0
1105 1093 -1.0
8216 1040 -4.0
8216 1044 -3.0
8216 1051 -3.0
8216 1076 -2.0
8216 1083 -2.0
8216 8216 -6.0
8217 115 -4.0
8217 8217 -6.0
8220 1040 -4.0
8220 1044 -3.0
8220 1051 -3.0
8220 1076 -2.0
8220 1083 -2.0
8221 32 -3.0
